Fn-01111000010001010101100001011100:
  QueryIsExpired0[10001011001001001010010011111111](0,4,2)
  DuplicateAdjRegulator[01010111001101100011001110110100](4,1,3)
  Div[01111000001001000010110001011011](4,2,3)
  QueryChannelGen-Lev1[10000000001001110110010110110000](3,4,4)
  ClearReproductionReserve[11100111101111010101101010110000](1,4,3)
  Output[00010010001000000000001110011101](3,1,1)

Fn-10010010110110100010000000110011:
  Not[00001100110000010001111011110110](3,4,3)
  Nop[11111011001011000011101100001010](3,1,2)
  SetCellAgeBooster-Lev0[10110010000010000010011111110010](3,0,3)
  Break[00000011001111010111111111100101](3,0,0)
  DuplicateClose[10011001011010001101110011001011](1,4,4)
  QueryChannelMate-Lev1[00010101100101001001011001000000](3,1,2)
  DuplicateCommit[11100100101101100000111001000100](2,3,2)
  Rng[11101100101010011111000010010101](7,3,1)
  SetMembraneRegulator[11110110101111010001010101000101](4,0,0)
  DuplicateAdjRegulator[01110011001011011001011110011101](1,4,0)
  SetCellAgeBooster-Lev0[00110100101000001110010001110101](3,1,2)
  Pull[10001101010011000011100110110000](4,3,0)
  AdjRegulator[00101010011011011010101100000111](4,4,2)
  DuplicateSenseRegulator[00110100000010101001011101000100](4,2,4)

Fn-01001100110101011011011100011101:
  DuplicateBreak[01111011011110101110111001011001](6,4,3)
  PutMembraneBlocker[01100100101011100001011011011111](0,1,4)
  SetCellAgeBooster-Lev1[10100101100000101101111101001110](0,3,3)
  Nop[11101000110010101101000101101111](4,1,0)
  ExtRegulator[00111000101011101000111010110111](2,1,0)
  TestLess[10101100010010110110010000101011](4,4,1)
  QueryIsPropaguleChild[01110000000000000000001010010001](4,0,4)
  Terminal1[11001111101111101010010101001011](3,3,2)
  QueryIsExpired1[10000011011001101111110001010111](2,3,0)

Fn-00011011010011000001111100101110:
  DuplicateSetRegulator[10011101000110110101000101001111](3,1,4)
  DuplicateTestLess[00001010110100010011100101000101](2,3,7)
  SetReproductionReserve[00110000101111001011010000010110](4,1,7)
  SetGiveSharingFalse[01111101010000010111011101111000](0,2,4)
  QueryIsPropaguleParent[00010111010110000110101110010000](3,1,4)
  SetMembraneRegulator[00001010010010101111110111111110](1,4,4)
  SendMsgInternal[10000011001011101011100111010111](8,8,5)
  Not[10101110010110110010001011011001](2,4,4)
  DuplicatePull[10110100011101100010100000101101](2,0,0)
  QueryOwnStockpile[10100001100011010000100110000001](3,1,1)
  SetOwnRegulator[11011111101001011000101111001000](2,3,6)

Fn-01101001000101101101010100011100:
  DuplicateSwapMem[10100101000011100001010010101101](2,1,0)
  SetStockpileReserve[10010010010111111111001111010011](1,2,4)
  DuplicateCommit[00011100001100100010001000100101](2,1,1)
  SetOwnRegulator[11110011000010001110000110100011](2,6,1)
  TestNEqu[00110011001011011001011000001101](2,0,2)
  SetStockpileReserve[10010010010111111111001111010111](1,2,4)
  DuplicateCommit[00011100001100100010001000100101](2,1,1)
  SetOwnRegulator[11110011010010001110000110100011](2,6,1)
  TestNEqu[00110011001011011001011000001101](2,0,2)
  DuplicateNop[11010110111101110101001010100111](1,4,0)
  DuplicateSetMem[10110000111101111110110000001001](4,0,4)
  TryReproduce-Lev2[10111101010001111110001000100010](6,1,3)
  DuplicateCopyMem[10101111001100010111101000111100](1,2,1)

Fn-01011111111101100010100110010111:
  QueryChannelGen-Lev1[10000000010000000110110100010010](2,3,4)
  Nop[11001000111000110100101010001000](0,0,3)
  SetHeir[00101001010110100110111101001001](0,1,3)
  QueryChannelMate-Lev1[01001110111110011010110100000111](3,3,1)
  SetAcceptSharingFalse[00000001001011110101000100110001](2,0,1)
  PutInternalMembraneBringer[00001001011001000110010000100000](0,3,2)
  Nop[00101010111000010100101010001101](2,0,2)
  Terminal0.125[11010100111000111011001111011110](3,1,4)
  DuplicateDec[10011110001100110000000010011011](5,1,3)
  ClearStockpileReserve[00111110101010111001111010001111](0,2,2)
  Add[00000110010000101000100111010101](3,2,2)
  DuplicateTerminal0.125[10000101110110010001100100111101](1,4,4)
  QueryIsPoorerThan[10101001010111011001110100101100](4,1,7)

Fn-00011010100010011000101101111000:
  DuplicateTestEqu[10101001011010011001011110111011](1,0,0)
  DuplicateSetOwnRegulator[10010011101110000001101010001101](5,8,2)
  PutMembraneBlocker[11010110110101001110100010110101](0,4,4)
  Terminal0.125[11011000010101111110011101101001](4,5,2)
  PutMembraneBringer[00000001011010001010001110001010](2,2,2)
  QueryIsPropaguleParent[00010111001011111100101000100000](2,0,1)
  SenseMembraneRegulator[10011111101001010100111111101001](0,3,4)
  SetCellAgeBooster-Lev1[10001001011001110101100111100111](1,4,0)
  SetHeir[10101101110000110011101001001100](3,1,3)
  AdjOwnRegulator[11111111001001011000111010011111](4,2,1)
  Sub[00101111110101011011000001011111](1,0,1)
  Terminal0.125[10100101001001100011101111101100](6,7,8)
  QueryOwnStockpile[00110010101011101001111011010111](0,1,3)
  DuplicateExtRegulator[01001110000011101000001010010100](0,1,0)
  PutInternalMembraneBringer[10101110101110111001100010011001](1,3,1)

Fn-11111001010011110000101001000011:
  SetCellAgeBooster-Lev1[11011011010101001001001101110011](1,1,3)
  DuplicateMod[01011110111010011111110001011011](4,3,3)
  Nop[00110100100010001110011011100001](3,1,0)
  Terminal1073741824[01100001100110000111000111011001](3,1,0)
  DuplicateClose[11100000011000010011000001110101](3,5,2)
  DuplicateTerminal1[01110001001000000000001011011010](0,2,1)
  QueryIsPoorerThan[11001100001101000111011001000011](1,0,3)
  QueryStockpile[01001011000101001010100011111111](1,2,7)
  DuplicateAdjRegulator[10010010000011011011100001011111](0,0,3)
  BcstMsgExternal[10100000100011000101111010010111](4,4,3)

Fn-10000110100001101010100101011101:
  ActivateInbox[00011111011001111000101001010110](3,3,0)
  DuplicateExtRegulator[00100110010001100110100100001110](1,2,1)
  ExtRegulator[11010111110011110011111110110111](1,0,0)
  TryReproduce-Lev2[00010111111101010010100000100000](1,4,2)
  SetCellAgeBooster-Lev0[01011001111100010111111101110101](8,3,3)
  Input[10110001100000011110010110111110](3,2,2)
  QueryIsExpired0[01111110010101010000100111000101](0,4,4)
  PutInternalMembraneBlocker[10100100100011111101111111001110](6,4,0)
  PauseRepr-Lev2[10011010101000011000100011101100](1,1,4)
  DuplicateTestLess[01111100101111000001110110101101](3,3,3)
  SetAcceptSharingFalse[10000010101111000100111100111001](1,2,4)
  DuplicateInput[11100100001000000100111111000101](1,1,2)
  Return[10100010110001000101101000000101](4,3,1)
  Nop[00110110100101010000011010111100](7,1,0)
  DuplicateTerminal1[00101101111100011101101101100101](4,2,6)
  DuplicateMult[10010011000111100111111101100001](0,3,0)
  Dec[11000010110011111011010001011000](1,3,4)

Fn-10110110010100001100100000011001:
  DuplicateOutput[01101011110010000001110001011110](3,4,0)

Fn-00011101111000000100111011000010:
  PauseRepr[00000110111100111111110010110101](8,1,0)
  DuplicateCommit[10001101000100011011111111111110](1,1,1)
  SwapMem[10100101011010010001011010100010](3,2,2)
  QueryIsOlderThan[00010001011110001100100110101001](2,1,2)
  QueryChannelMate-Lev0[11011010110011000001000110100100](1,1,4)
  Div[11000010111000111101000001010011](3,0,4)
  TryReproduce-Lev1[11000111011011011111100100001001](3,1,2)
  Nop[01100000110110111111011000010010](3,0,0)
  DuplicateCopyMem[01000011010001001011111111011010](2,2,3)
  Mult[10011011101101100011001010011101](2,4,2)
  AdjMembraneRegulator[11111110101111000000101010111100](4,8,6)
  DuplicateDec[01011101100101101111101111001010](1,6,5)
  DuplicateClose[11000100000011100110111111011001](0,3,2)
  QueryOwnStockpile[10100001001000000110101110010110](5,4,3)
  QueryChannelGen-Lev1[11111110101010111000101011110100](4,3,0)
  SetCellAgeBooster-Lev1[11011011000110100000011111010011](1,3,4)
  QueryChannel-Lev0[11111001010010011111101111110111](1,4,4)

Fn-11001001110100010110001110011100:
  QueryChannel-Lev1[01110000111001011111111001000000](0,4,4)
  QueryIsPropaguleParent[01100001011001011011001111000001](1,2,5)
  QueryIsPropaguleParent[11101101111111110111011100111011](0,3,3)
  DuplicateMod[00000101101001010010011111101011](3,2,3)
  Terminate[00110011100111010010010110101010](2,0,0)
  SendMsgInternal[01000110100111110111111111011000](4,0,3)

Fn-00110011101011011010111000011010:
  DuplicateIf[11101110110010111000100001000000](4,4,2)
    DuplicateRng[00001000111110100000110010000010](2,3,0)
    AdjMembraneRegulator[01101100101011011011100010110001](6,2,3)
    DuplicateSub[11001010000100001100100010100001](4,3,0)
    DuplicateSub[10101010000000000100100000000000](4,3,0)
    QueryStockpile[00010101100111000101011110100011](2,1,3)

Fn-11001101001110011110110010100110:
  Terminal1[11000011000010110001011000100010](1,4,3)
  PutInternalMembraneBringer[10000101101001100001010110110111](3,4,2)
  AdjMembraneRegulator[11100101000111110100000100100111](2,3,2)
  DuplicateAdjOwnRegulator[11011100011000011010101001110001](0,4,0)
  TryReproduce-Lev1[00101010110100000010101111100110](3,2,1)
  SenseRegulator[11111000010110011001001011010111](1,1,3)
  QueryIsOlderThan[00011111000000101000001100101110](0,6,0)
  SetGiveSharingTrue[11001110101110101100001010111101](4,4,4)
  Pull[10100010100111011010111100011001](4,2,2)
  Nop[01000101010100011001110100001101](2,3,0)
  SetStockpileReserve[11100010000100001101011101111101](3,0,4)
  UnsetHeir[10110000011111010000010101111111](2,3,2)
  Div[10001100101111010111011100001110](2,4,3)
  SetRegulator[11101110111110011001111010110101](2,2,3)
  SenseMembraneRegulator[10011011101100111101011000101101](3,0,0)
  DuplicateIf[11010010001001111110011110000101](1,1,3)
