Fn-01101111011001100010100111010001:
  QueryStockpile[10001000110100000000011110101110](7,5,6)
  TestEqu[11110101110001100110101001110100](1,0,4)
  CopyMem[01001100110110100110001110111101](2,4,4)

Fn-10100000000000110110110010010111:
  TestNEqu[11010010011110011110111100111100](1,2,0)
  SetRegulator[01010110110101111101001001110101](0,0,3)
  PauseRepr[11101111111010000010000100111111](4,1,0)

Fn-10110110010111001001011100111111:
  PutMembraneBlocker[01011011100010101101010010111111](2,4,1)
  DuplicateReturn[11011000001111100110111010110010](1,4,2)
  SenseRegulator[11111001101010001111101011110011](4,1,1)
  Pull[11111010001000011101110001111100](1,6,1)
  DuplicateDec[00110111111110000001010000001110](3,0,3)
  SetReproductionReserve[10111010111001111001100111100001](4,4,4)

Fn-01011111100101110000001001101011:
  Nop[10011001010001010101000011111111](8,4,3)
  DuplicateInput[11100010101110000001000000110001](3,0,2)
  SendBigFracResource[11011000001101000101111001111011](0,1,2)

Fn-00010000100011101010011110101010:
  QueryIsLive[10100101101111011011001100001001](7,0,2)
  DuplicateMod[11000110010001101110001111111000](1,1,3)
  DuplicateDiv[01011000100100000010000100001000](3,0,2)
  DuplicateTerminate[01011110011011110001101100000101](1,3,3)
  UnsetHeir[10111001010111101100100101010101](8,2,7)
  DuplicateSetRegulator[01011100110000110101011001110001](1,4,4)
  Pull[11000011111101000001110010000010](3,3,0)
  BcstMsgExternal[01010101100100001101011111011001](4,3,1)
  Nop[10001000111100100001100111111010](1,3,0)
  TestEqu[01111100111000111011000100110010](1,3,0)
  QueryChannelGen-Lev0[11101011010101101110110101010100](4,0,4)
  SendBigFracResource[00001010011000100011010010110011](1,3,4)
  SetMembraneRegulator[00010101101101001000001101001011](3,0,0)

Fn-10101010011011111000101110010111:
  DuplicateNop[01111011010011010101010011010000](2,3,2)
  QueryIsCellChild[11001011010011011110000110010110](3,2,3)
  DuplicateCommit[01110100100110110011001011101111](4,0,2)
  DuplicatePull[11011011101000001110011000111000](1,1,1)
  SetHeir[11101110000100111000011000110011](2,1,0)
  Pull[01101100010101100001010100100000](2,3,1)
  CopyMem[11101101111001101011001011110001](1,4,4)
  DuplicateIf[10111000100011010100011000101000](0,1,0)
    DuplicateInput[11110001111010010011000101000111](1,3,4)
    DuplicateOutput[10110001111001001101100011110011](1,7,5)
    SetStockpileReserve[00010101001110001101110001101110](4,3,1)

Fn-01010010001001000001111010110111:
  TryReproduce-Lev1[11110111110000010011010001110011](1,1,0)
  Mult[00000000010001010110101111111110](4,0,1)
  SetCellAgeBooster-Lev0[10111101010100111011011010100011](6,2,0)
  QueryChannelGen-Lev0[11000100110101100011111000110001](1,5,3)
  Terminate[11111101000011001101100001110001](3,4,2)
  TryReproduce-Lev1[11000100000111011100111000011010](4,2,1)
  DuplicateSenseOwnRegulator[01010100001111001101110011000110](4,4,2)
  DuplicatePull[11101011101101001100010010101010](4,4,3)
  SetGiveSharingFalse[01110101011000111011001000011100](1,2,1)
  SetRegulator[11010110010111000010011100000100](1,1,2)
  DuplicateAdjRegulator[00111100010111010101111011100110](1,3,2)
  Terminate[11111101000011001110110001110001](3,4,2)
  TryReproduce-Lev1[11000100100111011100111100001010](4,7,1)
  DuplicateSenseOwnRegulator[01111110101111011101100011000110](1,4,3)
  DuplicatePull[11101011101101001100010010101010](4,4,3)
  SetGiveSharingFalse[01100101001000111011001000011100](5,2,1)
  SetRegulator[11010110110111000011011100000100](3,3,2)
  DuplicateAdjRegulator[00110100011111010101101001000111](1,3,2)
  SetStockpileReserve[10011110111001110000101100001000](0,0,1)

Fn-00101010101110110010111100101001:
  Pull[00010110001111110010110110110010](2,3,1)
  DuplicateMult[01111011001010010010011001001010](0,4,3)
  PauseRepr-Lev1[10100110010101111101111111110111](2,2,2)
  SenseRegulator[00101110111010000001111001100000](3,1,3)
  QueryIsOlderThan[11000010111001000000100111011000](1,4,4)
  DuplicateExtRegulator[00100001000100110100100011100001](3,5,6)
  DuplicateCommit[11100100000000110111100110101111](3,1,2)

Fn-01011000100101101001110001111010:
  DuplicateClose[10111101111100111101011110000100](2,3,4)
  AdjMembraneRegulator[01101101000000111111111111100110](1,4,0)
  DuplicateRng[00101101111110110101101011000110](3,1,3)
  Break[10011110010010100000011011100011](2,2,0)
  PutInternalMembraneBringer[00100101000011011111000110111100](7,0,0)
  TestNEqu[01110000001100101011000111101101](5,3,4)
  QueryIsPropaguleParent[00110100111011101001101101101110](0,4,2)
  Input[10101010110000011000100101110001](3,4,3)
  DuplicateInput[00000110110101101001010101111111](2,1,1)
  DuplicateIf[11010001011110101101111011111010](2,3,2)
    DuplicateSenseRegulator[11000010101111101000010111011111](3,2,0)
    Close[11000011010111101101011100011010](7,7,3)
  DuplicateSenseRegulator[11101110011110101100010111001110](0,3,4)

Fn-00011101010110000010100100110100:
  Terminal1[11001101010000010110001011010001](4,1,1)
  TryReproduce-Lev0[01001101110001110101001111111100](1,2,4)
  DuplicateOutput[00111010011000001000111011111010](3,2,1)
  SetCellAgeBooster-Lev1[00010110101110000000011110110001](3,2,2)
  DuplicateDec[11010000000100100010101010010000](4,3,2)

Fn-01011100110000110001000111001011:
  DuplicateTerminate[01000110101000100000000011001001](2,1,4)

Fn-10110111011101111111011011001001:
  Sub[01100000001011001100111010100001](2,3,2)

Fn-10101000010111100110011100100111:
  DuplicateMult[00111101001111010010000111101011](3,4,0)

Fn-11111100100000110001000111001011:
  DuplicateTerminate[01000110101000110001000011001001](2,1,4)

Fn-00010000100011101010011110101010:
  QueryIsLive[10100101101111011011001101001001](7,0,2)
  PauseRepr-Lev1[10001110000111011111001100111011](1,1,3)
  DuplicateMod[11000100010001101110001111111000](1,1,3)
  DuplicateDiv[01011000100100000010000101001000](3,0,2)
  DuplicateTerminate[01011110011011110001110100000101](1,3,3)
  UnsetHeir[10111001010111101100100101010101](8,2,7)
  DuplicateSetRegulator[01011100110000110101111001010001](1,4,4)
  Pull[11000011111101001001110010000010](3,3,0)
  BcstMsgExternal[01010101100100001111011111011001](4,3,1)
  Nop[10001000111100100001100111001010](1,3,0)
  TestEqu[01111100111010101010000100110010](1,3,0)
  QueryChannelGen-Lev0[11101011010101101110110101010100](4,0,4)
  SendBigFracResource[00001000011000100011010010110011](0,3,4)
  SetMembraneRegulator[00010101101101001000001101001011](3,0,0)

Fn-10101000010111100110011110100111:
  DuplicateMult[00111101001111010010000111101011](3,4,0)
