Fn-11001111010101111100110100100101:
  Add[00110001100000111010111000010000](7,3,0)
  Pull[10000010101110010110011111110110](0,3,4)
  DuplicateClose[01100011111011101110010011101110](7,3,0)
  TestLess[01000100101010000001101111011110](0,6,2)
  SendMsgExternal[11110101110001001101001100101111](4,3,7)
  AdjOwnRegulator[00001111100110110100100100011010](4,7,1)
  DuplicateNot[10010010111010010100011011110010](0,3,4)
  DuplicateClose[00100010111011110111010011101111](6,7,0)
  TestLess[01001110101010011011011101111110](0,6,2)
  SendMsgExternal[11100011011000010101001100010111](5,7,7)
  SetGiveSharingFalse[01011001011001010111110100111000](0,1,3)
  AdjOwnRegulator[10001101100111100011000110111010](4,4,1)
  Mod[00111101101010110011010110110001](0,2,1)
  DuplicateSetOwnRegulator[00111110111100100011111000001101](1,4,2)
  SendMsgExternal[11110001110001101101001000111111](4,3,7)
  AdjOwnRegulator[10101011100111110000100100011010](4,7,1)
  DuplicateNot[00001000111110010110011111110010](0,3,4)
  DuplicateClose[00100011111010110111000011101111](6,7,0)
  TestLess[01001100101010011001011101111110](0,6,2)
  SendMsgExternal[11100101001000011101101101110111](6,7,7)
  SetGiveSharingFalse[01011001011001010111010100001000](0,1,3)
  AdjOwnRegulator[10001111100110000000000110011010](4,4,1)
  Mod[00011101001010110011010110110101](1,2,1)
  DuplicateSetOwnRegulator[00001110111100100010111000001111](1,4,2)
  QueryChannel-Lev0[11001001111110110111001001011001](1,6,2)

Fn-00010111111001011010001010001001:
  Pull[11011010001111011110101100100001](3,0,7)
  Inc[11010100000111000111010001000110](2,0,1)

Fn-01110010100110101101000111001001:
  SenseMembraneRegulator[10101110011110000001001010010101](2,1,0)
  TryReproduce-Lev0[01001100011010000001100101111101](1,1,2)
  Terminal1073741824[00010100000101010001000011101111](3,1,0)
  DuplicateDec[10001001101101000011010101000010](4,8,3)
  TryReproduce-Lev0[01011100111011010011110000011101](1,1,2)
  Terminal0.125[10111010000100110000101010000001](2,2,4)
  SendMsgInternal[10011010110010100111001100110110](1,2,5)
  DuplicateIf[00001101001001010010101011011111](2,3,2)
    DuplicateTestNEqu[11101000001111100110111111100000](0,1,1)
    DuplicateClose[11001110111101000101000110101101](0,1,6)
  Terminal1[01110111010010010100000110100011](3,5,2)
  DuplicateAdd[10001000000010101010101100110010](1,2,5)
  Nop[11101110011110000011001011010101](2,1,0)
  TryReproduce-Lev0[00001100111111100001100100111111](1,1,2)
  SendMsgInternal[10011000000010111111100101001110](1,0,5)
  QueryIsCellChild[01011100110000101111101110110001](6,3,3)
  DuplicateTerminal1073741824[00011100000110010001000011101111](3,1,0)
  DuplicateDec[00011001100111010001010000010101](4,8,3)
  TryReproduce-Lev0[01001100111010010001110101011001](1,1,2)
  Terminal0.125[11011010000010111001101010000001](2,2,4)
  SendMsgInternal[10011000110010100111001100111110](1,2,5)
  SenseOwnRegulator[11001100001000001010001110011100](2,2,2)
  DuplicateIf[01001101101001010110101011011111](2,3,2)
    DuplicateTestNEqu[10101000001110100110011110100000](0,1,1)
    SendMsgExternal[11000110100101000101001110101100](0,1,6)
    Terminal1[01010111011110010100000110100011](3,5,2)
    DuplicateAdd[10011000000010101011101100111011](1,2,5)
    Terminal1073741824[00100001000011100011110010101000](0,5,8)
    Terminal1073741824[00110000000110011011011000111111](3,1,0)
    TryReproduce-Lev0[01001100110011001011110101111111](1,1,3)
    DuplicateInput[10101110111000001100101101010010](5,8,7)
    Terminal0.125[00100010010010111001101010011000](2,2,4)
    SendMsgInternal[00010000100011111111101100111010](1,2,5)
    TryReproduce-Lev1[11101101110001010100101111001011](2,3,2)
    Terminal0.125[10000110111100111111111111011000](8,1,4)
    DuplicateTestNEqu[10100001001110100110010111100000](0,3,1)
    Terminal1[00111111110010010100001101001000](3,5,2)
    CopyMem[00010110101001011000000111000100](5,3,3)

Fn-00011011001010010111010001011110:
  SendMsgExternal[10100001010110111011100100000110](4,4,7)
  AdjRegulator[01011100000001111101110101100001](3,4,4)
  DuplicateDec[01000010010011111100010100110000](5,4,3)
  SetMembraneRegulator[11111101000001111000110111010001](2,3,3)
  PauseRepr[11111110001000001100101000111000](0,1,0)
  SetOwnRegulator[11010100101111111001000111011111](1,4,0)
  QueryIsExpired0[00110101011111111110111101100100](2,4,7)
  DuplicateExtRegulator[11110011110101011011011001011011](4,7,1)
  SetMembraneRegulator[10110101000001011111110100110001](2,2,3)
  SendMsgExternal[10110101011111111000110111100101](2,1,7)
  QueryChannelGen-Lev0[11010000000000000111100101000000](6,5,1)
  SendSmallFracResource[01011101000100101100000101100101](1,4,4)
  QueryIsPropaguleChild[11011110010100001101000010001000](8,1,6)
  Commit[11000001100111011101000011001111](0,3,3)
  PauseRepr[10011100000011000011101111011000](0,0,1)
  PauseRepr-Lev0[00010100000011111101010010011111](2,4,0)
  AdjMembraneRegulator[10001010000111101101100110110101](2,7,4)
  SendMsgExternal[00110111010011110011110111100100](2,1,7)
  QueryChannelGen-Lev0[11000001010001001111100101010000](6,2,1)
  SendSmallFracResource[01001100110010101101010101110101](6,4,4)
  QueryIsPropaguleChild[11011010010100001101001000001000](8,1,2)
  Commit[11101001100100010101100111011111](0,3,3)
  Output[10100000001001001110110010001010](6,8,0)
  PauseRepr[10011110000111001011101111010100](0,0,1)
  PauseRepr-Lev0[00011001111111101001010000011111](2,4,0)
  ActivateInbox[00111010011010001000001000101001](4,3,3)
  AdjMembraneRegulator[11001011101100100101110110110100](2,7,4)
  SetHeir[00010011110111000000011000010000](0,0,2)
  DuplicateCopyMem[00100011100101010001110111010111](1,4,5)
  Sub[11011011001011001110000001110001](2,0,1)
  ClearStockpileReserve[10110011100011110111110111001001](2,4,5)

Fn-10101010001110110000101000111001:
  CopyMem[00100000001001101010000101100100](0,0,2)
  ExtRegulator[01001110001101110010010101101101](0,5,4)
  DuplicateExtRegulator[01000111000010000100001000110101](4,0,1)
  DuplicateClose[10001010101100100000010001101011](3,0,7)
  TryReproduce-Lev2[11101110111010001110010110000001](3,3,3)
  Output[01100000111000100111101101100011](1,4,1)
  BcstMsgExternal[10110110101001111000001011000010](2,1,4)
  Return[11001101100000101001000011000011](3,1,1)
  SendMsgExternal[11011001100101011111001001001010](0,4,8)
  Countdown[10101111000010001101111011000110](5,0,3)
    PauseRepr[00111101010001010010101110011000](0,1,1)
    Break[00000000100100010010000111000100](4,4,2)
    DuplicateCopyMem[11000110011110010101100011001001](0,2,4)
    Nop[00101111010001111110010100010010](4,2,0)
    SetRegulator[10011111001000111111010110010100](8,1,8)
    SetReproductionReserve[01100010011011001110100101000110](1,1,3)
    DuplicateIf[01100010111110010010100011111110](1,1,4)

Fn-11011000110000101011000010001010:
  DuplicateTestLess[11110011110000100110000010001001](1,1,2)
  SetHeir[00011000100011111001110010000100](5,2,4)
  SetMembraneRegulator[10111100111001000100001101110010](0,3,0)
  AdjOwnRegulator[11111100100100101011111011111111](3,4,0)
  DuplicateSub[00010011110001101100111110100111](1,1,3)

Fn-11100010101001001100010001011110:
  TestEqu[10010101010100101101100000100011](6,8,3)
  DuplicateCopyMem[00100000100111010100011010000101](3,3,2)
  QueryOwnStockpile[10101001011101100111010111011111](0,1,4)
  Nop[11001100000110110111001000111011](4,7,4)
  QueryStockpile[11100001011000000111000011001111](0,2,1)
  DuplicateCopyMem[11001110000110011000110111011001](0,1,0)
  SenseOwnRegulator[01101100010000000101101110010010](4,3,2)

Fn-11010010110011100010000010111010:
  SendMsgInternal[00001111110010101111010110001010](0,0,1)
  SetHeir[00001100000111111000110000001010](5,2,0)
  DuplicateTerminal1[01110101011001001110110101011000](0,3,0)
  Div[00000011110001101101100110100110](4,1,3)
  SendMsgInternal[00001111110010101111010110001010](0,0,1)
  SetHeir[00001100000111111000110000001010](5,2,0)
  DuplicateTerminal1[01110101011001001110110111011000](0,3,0)
  Div[00000011110001101101100110100110](4,1,3)
  TryReproduce-Lev2[01101110111110110111010101000101](4,2,6)
  Dec[10111000110011110101110111000110](2,4,0)

Fn-10101010101110110000101100110001:
  DuplicateInput[10110010111110111100111010010010](8,1,8)
  CopyMem[00101000101111111011000101000110](0,0,1)
  ExtRegulator[01001110001111111010010101101101](0,5,4)
  DuplicateExtRegulator[01000011001011000110010000010101](4,0,1)
  DuplicateClose[10001010101100101100000011111010](3,0,7)
  Nop[00010100010111100110000111111111](4,4,0)
  TryReproduce-Lev2[11011110011100111111010110010100](3,3,3)
  Terminal1073741824[00110110101001111000011101101010](2,3,4)
  Return[11101111100000011001000000100011](3,1,6)
  Countdown[10101110010011001000110011000010](5,0,3)
    Break[00100111101010010010000110000101](1,4,2)
    DuplicateCopyMem[01001100001110010011100001001001](0,2,4)
    DuplicateSub[00101101101000011101001111000010](6,1,2)
    Countdown[00101111111001001110010100011100](0,2,0)
      SetRegulator[10011111001000110111110100010100](8,1,8)
      Terminal1073741824[11110110101001111000011001100010](2,0,4)
      Return[11111111110100001001000000100111](3,1,6)
      Countdown[00001100010011001011110011000110](5,0,3)
        PauseRepr[01111101010101010100101100011000](0,1,1)
        Break[00110011101000100010011110001101](1,4,2)
        DuplicateCopyMem[01000100001110010010101001001001](0,2,4)
        SetRegulator[10011111000000110111111110010001](8,1,8)
        SetReproductionReserve[01001000011001001110100101000110](1,1,3)
        SendMsgInternal[01100010111010010010100011111111](1,1,4)

Fn-00010110011001011010000001001101:
  Pull[11011010001011011110101100100001](3,0,7)
  Inc[11010101000111000111010001011111](2,0,1)

