Fn-10001000101001010111000011010100:  Nop[11000011010100111111000000111001](2,3,3)
  SetCellAgeBooster-Lev0[01101111000110000011111110010000](8,6,0)
  Terminal1073741824[01010000101110000011101011011111](2,3,0)
  SetOwnRegulator[11000110101001101110000000001010](2,3,4)
  ExtRegulator[10111011101000110000011110111000](4,3,7)
  QueryIsPoorerThan[00111010101111010010000101110100](0,5,7)
  DuplicateCall[01100111000100010111010101010011](4,5,4)
  SendSmallFracResource[00011001100111001000000011011010](0,2,6)
  SenseOwnRegulator[01001000001011011101101100000001](4,1,4)
  DeactivateInbox[01111001100101011010101110001011](4,2,3)
  SendSmallFracResource[10011000001000111111100000111110](0,5,2)
  SenseOwnRegulator[10110010010011010110001100010011](6,1,1)
  PauseRepr[00000001101011101111010111001110](4,4,0)
  DuplicateBreak[10101000111011101001110001101001](4,3,0)
  QueryChannelGen-Lev0[10101101010000110000000111110100](2,6,4)
  SenseMembraneRegulator[10000010000101011001101001011100](2,1,1)
  SenseMembraneRegulator[10000010000101011000100001011000](2,1,1)
  Terminal0.125[01000010000101000010001110111000](1,0,7)
  TryReproduce-Lev1[01110000000010100011001111010100](4,1,0)
  UnsetHeir[00001111001111101010011101101000](6,3,3)
  Mult[10010011110100011111011011001010](3,4,0)
  Nop[00001110011010100000101111110110](0,1,4)
  SetGiveSharingTrue[00010000110111110100100001011101](3,3,0)
  TestLess[11111110000100110111001011110100](6,0,4)
  Sub[11010110001000000000111100001111](2,3,4)

Fn-11001000111101010000111100100111:
  DuplicateInc[01010110110100010110000010100101](2,1,4)
  DuplicateNot[10101000001111011000001110000000](1,3,1)

Fn-11000011010110011000011010011010:
  QueryIsPoorerThan[11010001111011001010101110010101](2,4,1)
  Rng[00110000001111000000101001111111](2,2,2)
  Inc[00001101001011100011110011110111](0,4,1)
  Inc[11011000010101110000100010111111](3,0,4)
  AdjRegulator[11111011111001100011011100000000](0,1,0)
  QueryChannelGen-Lev0[11100011101010010001011010110100](8,8,5)
  DuplicateSetOwnRegulator[01000001101101010000011110100101](0,2,4)
  SenseMembraneRegulator[10010000100101011001100100011011](3,0,4)
  AdjRegulator[01110011101111100110111100010100](0,1,1)
  DuplicateSetOwnRegulator[01010011110100000000001100100111](0,2,4)
  Not[11111000111000000110011001100010](2,6,3)
  QueryIsExpired0[10001010111100110101001000001111](1,0,1)
  AdjRegulator[01111011101001100110111100000100](0,1,0)
  AdjRegulator[11111011111001100011111100000000](0,1,0)
  QueryChannelGen-Lev0[11100011101010010001011010110100](8,8,5)
  DuplicateSetOwnRegulator[01000001101101010000010110111101](0,2,4)
  SenseMembraneRegulator[10010000100101011001100100011011](3,0,4)
  AdjRegulator[01110011101111100110111100010100](0,1,1)
  DuplicateSetOwnRegulator[01000011110100010000001100100111](0,2,4)
  Not[11111001111000000110011001100010](2,6,3)
  QueryIsExpired0[10001010111100110101001000001111](1,0,1)
  AdjRegulator[01111011101011100110111100010100](0,1,0)
  DuplicateSetOwnRegulator[01010001111101010000111110100101](0,2,4)
  SenseMembraneRegulator[11001000000101010100000000111010](3,3,4)
  DuplicateDiv[10110011000011100010111010101111](3,0,7)
  AdjRegulator[01000011100111100110111100010100](0,1,1)
  DuplicateSetOwnRegulator[01100111110101010001101110100111](0,2,4)
  TestLess[11001011101001100100000011011111](5,1,3)
  Terminal0.125[01101100111110110000101111111001](3,1,3)
  Add[11011111111111011000000101011011](2,3,1)
  SendSmallFracResource[11001011011110011010100010001011](1,6,3)
  DuplicateSub[10111110101000110111110001101111](8,0,3)

Fn-01011110111010100100011101101001:
  Return[10101011001010101000000010001111](5,2,3)
  Nop[11011000001100001111011100000000](4,4,4)
  ActivateInbox[11101101011110000101001101111000](5,7,2)
  QueryIsCellParent[10001010111101010111010010100011](5,6,1)
  DuplicateNop[01000110011100000010010011001001](3,1,3)
  UnsetHeir[00010000111011010110110100010111](6,0,5)
  PutInternalMembraneBringer[10000101010001000101101110110110](4,4,1)

Fn-10101111110001011001101011100110:
  DuplicateTestNEqu[10110000010000010000001000001010](3,4,6)
  Div[11010011110110010010111111111011](6,2,6)
  DuplicateNot[00100111011111011111001001011101](4,2,3)
  Terminal1[11001011001001010000000011010000](0,1,6)
  DuplicateTerminal1073741824[11011011001001110001101011010111](2,2,1)

Fn-00101101101101010110011110000000:
  DuplicateSetMem[10101111011110000011101010100100](0,3,0)
  SetHeir[11111100011011001101011101011101](0,0,2)
  DuplicateSetMem[00100001001011111001000001011011](2,0,2)
  DuplicateRng[00111100111111110100111010111010](3,2,4)
  DuplicateOutput[11011010100111111100000011100101](6,0,3)
  Terminal1073741824[00010001010010110011110101101000](0,1,5)
  DuplicateReturn[10100100100111100111001110111010](3,2,4)
  Return[01100000011111101110110010000011](1,6,0)
  DuplicateMult[01011110110100001000010000010100](7,4,1)
  SetGiveSharingTrue[01000001101110110010010010110101](6,3,6)
  SetMembraneRegulator[00110101001110110100011110101001](7,1,2)

Fn-00111010110100100111111001111010:
  SetMembraneRegulator[01101000000101001010000011100101](1,5,1)

Fn-00101110001010001010001001000100:
  QueryChannelMate-Lev0[00110000101010001110100000000000](4,4,5)
  DuplicateAdjRegulator[10001001001001011111011010011010](6,5,3)
  AdjMembraneRegulator[11101111011100011001010010000110](2,1,1)
  TryReproduce-Lev0[11101111111010101000101101101011](2,0,1)

Fn-11001000111101010000111100100011:
  Fork[01010110110101010110000010100101](2,1,5)
  DuplicateNot[10101000001111011000001110000100](1,3,1)

Fn-10001110100001011010001101000000:
  DuplicateInput[10001111011010101001111101111100](4,6,3)
  CopyMem[01011100110110110000011100011111](4,0,1)
  ClearReproductionReserve[10000101000011010001010001011100](7,0,8)
  QueryChannelGen-Lev0[10110011001001101000110110101110](1,0,3)
  AdjOwnRegulator[10000111010010101011111001110101](4,5,3)
  TryReproduce-Lev1[01100101010011010011001011100001](0,0,0)
  DuplicateTerminal8[01000011101010011000000100101000](5,0,3)
  DoApoptosisComplete[11101001100001111000000100000100](2,4,2)

Fn-00001111011001011111101001110110:
  DuplicateTestNEqu[10110000010110000000010100000010](6,4,3)
  Div[01100010110110010010110011110011](6,2,6)
  DuplicateNot[00000001011111111111001001011101](4,2,4)
  Not[11010001001001110001111011000110](2,7,5)

Fn-00101110001011001010001001000100:
  DuplicateAdjRegulator[10001000001011011111001010011010](6,5,3)
  DuplicateAdjRegulator[10001001001011011111001010011010](6,5,3)
  AdjMembraneRegulator[11101111010100011101010010010110](2,1,1)
  TryReproduce-Lev0[11101111111010111100100101101111](2,0,1)

Fn-10001111110001011001101111100110:
  Rng[11101110111110100010101010110100](5,5,5)
  DuplicateTestNEqu[10110001010000010000011000001010](3,4,6)
  Div[11010011110110010100111010111011](6,2,6)
  DuplicateNot[00100011011111011111001000011101](4,5,3)
  Terminal1[00001011000001010000000011011000](0,1,6)
  DuplicateTerminal1073741824[11010011000001110001101011010111](2,2,1)

Fn-10001000101001010101000010011100:
  Nop[11000011010100111111000000111001](2,3,3)
  SetCellAgeBooster-Lev0[01111111000110000011111010010000](8,3,0)
  Terminal1073741824[11011000101110000011101101011111](2,3,0)
  SetOwnRegulator[10000110001001101110000000101011](2,3,4)
  ExtRegulator[10011011101000110000011110111101](2,3,7)
  QueryIsPoorerThan[00110010101111010110000101110100](0,5,7)
  DuplicateAdjOwnRegulator[11100111000100010111110101010011](4,5,4)
  SendSmallFracResource[00111001100111001001000011011010](0,2,6)
  SenseOwnRegulator[01001000001011011101101100000001](4,1,4)
  DeactivateInbox[01111001100101011010101110001011](4,2,3)
  SendSmallFracResource[10011000101001111111100000101111](0,5,2)
  DuplicateFork[10100010010001001110001100010011](6,1,2)
  PauseRepr[00000001101011101111000111010110](4,4,0)
  DuplicateBreak[10101000110011101001010101101001](4,3,0)
  QueryChannelGen-Lev0[11100001010000110000000111110100](2,6,4)
  SenseMembraneRegulator[10000010000101011001101000011100](2,1,1)
  SenseMembraneRegulator[10000011000111011000100001010100](2,1,2)
  Terminal0.125[01000010000101000010001110111000](1,0,7)
  TryReproduce-Lev1[01110000000010100011001111010100](4,1,0)
  UnsetHeir[00001111001111101010011100101010](6,3,4)
  Mult[10010111110100011101011011001011](3,4,0)
  Nop[10011110011010100000101111110010](7,1,4)
  QueryIsCellChild[00010001110011110100100001011101](3,3,0)
  TestLess[11111110010110010111001011110101](6,0,4)
  Sub[11000110001000010000111100001111](2,3,4)
